495
947
272
248
716
374
108
669
880
572
803
908
195
595
682
439
252
949
367
246
657
501
353
94
979
524
926
182
648
213
59
101
131
15
489
940
607
171
499
509
982
45
426
984
767
977
246
998
951
618
87
217
754
904
681
790
497
308
841
887
895
167
177
547
347
22
566
471
968
766
180
483
474
44
920
407
722
919
822
667
807
874
618
144
410
256
998
123
185
73
865
995
511
488
909
301
859
194
80
941
513
540
805
461
714
131
785
293
834
637
563
269
132
733
779
124
85
331
964
917
482
592
677
850
506
858
515
397
323
527
301
902
484
681
274
85
786
578
159
369
836
534
880
569
556
647
890
41
605
894
472
880
51
772
639
248
664
328
457
939
584
571
339
252
299
353
705
249
354
355
985
66
905
210
222
690
640
116
820
413
171
540
228
811
199
470
897
156
652
432
861
167
316
586
397
160
393
776
15
243
429
925
284
824
918
267
193
828
419
291
501
197
361
178
977
347
323
956
38
243
714
429
188
38
711
169
317
743
961
499
492
444
11
359
19
461
707
441
794
208
162
368
32
310
910
441
191
100
316
708
744
737
311
656
314
856
601
26
773
190
387
567
347
345
119
933
858
33
663
850
748
659
136
132
623
77
38
777
206
570
606
135
957
938
373
550
398
509
886
38
450
912
565
432
91
484
427
464
363
717