276
238
109
879
42
890
202
744
134
598
115
524
755
293
272
632
293
69
191
299
81
829
93
327
406
382
731
102
388
832
947
984
491
411
738
739
863
615
633
332
248
138
28
334
286
123
14
594
50
403
556
372
230
19
840
552
578
65
867
909
954
353
728
222
834
561
706
367
542
362
449
21
220
38
687
274
821
124
378
267
252
995
795
507
971
20
480
719
839
793
555
518
578
43
86
44
434
18
637
568
622
371
304
854
238
597
243
523
153
968
655
944
520
607
737
987
126
95
883
801
675
154
906
633
26
935
116
126
341
221
295
385
286
479
209
761
373
161
641
47
449
924
599
105
363
781
812
604
182
284
719
598
711
370
428
755
247
47
782
732
610
381
794
485
889
816
660
147
189
304
683
337
77
786
512
544
740
834
831
31
284
179
810
903
70
50
423
5
378
374
430
309
662
984
217
866
825
518
714
562
662
376
872
355
318
525
265
942
573
239
403
89
774
60
218
927
384
788
140
790
311
466
918
761
255
500
939
9
441
641
235
386
391
59
107
762
466
276
3
419
292
117
833
542
194
624
887
962
902
924
191
879
386
647
549
760
570
227
271
462
744
800
530
196
934
943
591
947
720
103
410
787
42
859
62
135
579
308
445
335
779
607
189
2
291
998
260
836
788
240
479
539
69
831
657
887
40
554
539
150