800
671
521
366
817
129
424
707
491
413
706
495
652
346
718
986
483
257
159
48
353
233
702
958
862
25
510
946
70
55
711
581
723
776
951
691
553
273
654
482
415
93
723
230
980
44
673
786
307
753
883
452
978
938
665
224
667
913
305
620
973
13
19
124
656
929
256
79
668
673
991
621
760
267
762
123
580
443
372
813
817
983
158
859
294
1
987
305
955
887
866
631
285
66
837
372
171
668
649
248
31
511
375
938
86
13
736
200
618
779
616
508
879
725
580
302
821
79
353
37
861
180
387
907
142
801
785
482
553
962
322
888
576
340
654
940
532
21
551
52
396
191
847
579
829
709
980
538
196
711
546
972
636
287
292
103
117
823
197
361
382
454
487
460
22
111
592
708
956
614
355
309
273
599
481
709
305
244
135
315
15
927
584
890
505
172
194
631
259
922
498
115
667
862
443
519
276
168
743
47
244
233
677
630
756
361
779
402
847
236
309
87
758
697
21
59
826
194
11
425
613
145
564
343
132
35
248
467
937
445
134
793
899
115
519
194
928
612
123
542
354
377
283
266
351
410
449
189
321
92
635
295
635
437
202
957
280
500
252
322
80
678
936
574
591
780
713
983
756
640
1
760
84
990
722
203
906
409
836
274
984
188
351
109
188
943
249
451
704
272
735
498
631
26
219
613
47
580
101
948