698
816
910
866
885
999
626
81
953
481
82
645
175
882
444
363
275
733
483
777
744
545
782
479
845
184
255
38
362
239
97
260
540
252
588
251
780
193
492
566
731
217
839
421
660
853
838
544
707
58
367
186
828
35
110
894
562
323
734
239
375
851
135
915
782
334
860
891
494
164
904
904
597
809
123
864
682
124
182
242
125
900
774
253
306
63
537
445
466
782
242
551
725
554
80
582
903
908
371
407
672
291
458
688
388
602
508
23
746
93
31
387
787
45
699
665
484
30
83
454
878
689
422
886
668
19
477
850
137
819
677
31
895
258
976
249
338
260
35
305
566
243
334
951
181
496
236
412
2
617
949
241
634
46
489
3
921
120
298
991
529
586
174
715
839
521
802
604
389
833
973
491
94
195
223
173
101
32
254
333
835
523
297
554
792
958
571
884
661
547
169
314
67
549
138
38
764
429
626
889
928
316
485
646
990
114
121
729
923
690
123
740
136
66
410
909
543
168
797
556
105
992
148
64
657
369
690
719
414
883
374
7
703
703
829
629
953
588
147
842
539
768
317
518
702
291
507
565
786
452
600
442
383
160
607
666
871
516
492
341
946
435
408
499
357
284
554
924
518
278
839
241
565
879
749
464
253
49
258
371
478
901
62
765
157
465
250
208
774
982
332
130
492
813
125
389
667
977
360
1000