390
893
38
85
704
792
999
505
969
700
374
554
430
391
380
757
476
634
127
852
208
633
205
188
510
316
43
999
96
680
375
212
785
941
206
242
278
121
531
317
570
417
854
566
516
336
680
405
397
694
548
92
553
199
556
361
694
880
709
798
351
307
21
344
340
312
557
535
110
275
240
604
503
161
602
555
802
307
817
828
779
722
955
999
547
367
382
467
101
341
847
513
97
176
530
739
419
524
383
43
273
875
873
473
423
758
477
354
668
869
404
540
490
26
65
491
474
764
320
967
859
308
893
387
176
327
759
211
484
914
841
720
525
888
196
700
821
945
300
598
19
806
702
150
767
679
394
485
559
521
247
28
551
768
207
813
827
633
215
652
125
460
967
126
235
286
33
625
658
354
985
31
167
73
552
344
394
6
411
249
243
616
631
638
815
340
829
663
999
834
469
664
862
448
698
131
346
289
551
702
236
418
488
549
388
358
384
353
844
421
4
589
978
264
478
390
942
661
341
508
70
778
424
294
995
981
98
759
619
883
888
917
245
815
404
835
969
58
551
329
715
638
854
807
105
909
419
642
790
281
584
958
85
312
307
446
628
244
754
79
924
13
974
295
547
701
583
324
986
44
584
549
102
42
616
8
311
352
670
260
956
279
294
366
682
972
247
911
185
639
958
456
601
668
354
797
325
431
258
94