502
701
612
947
359
64
37
222
169
776
506
360
999
242
970
350
240
860
701
656
38
984
605
416
139
250
516
1
696
377
12
35
763
936
361
50
819
829
797
133
729
369
623
528
81
580
852
646
253
392
502
518
366
50
270
190
863
5
666
604
975
779
366
753
526
611
52
923
742
846
611
34
875
771
217
360
816
141
534
790
292
151
505
547
726
516
959
372
349
380
586
240
590
1
876
417
32
536
829
11
186
422
458
700
941
139
656
229
996
659
384
93
994
653
710
310
73
431
801
581
40
214
356
267
678
110
151
108
26
373
218
908
932
952
111
939
524
889
531
956
384
625
117
343
331
855
9
693
746
215
103
542
786
792
537
154
163
388
882
572
810
713
945
231
48
445
636
78
998
689
266
381
881
965
297
94
854
311
812
638
37
495
982
58
143
342
846
52
836
478
616
851
662
596
249
335
143
70
457
889
466
351
754
337
905
825
24
861
837
316
570
739
538
924
910
420
773
672
671
248
280
961
231
953
47
746
320
601
576
179
119
705
958
264
424
118
702
552
505
547
237
50
633
30
116
148
147
539
546
45
694
458
346
687
78
998
77
959
210
370
838
16
109
508
337
682
330
792
237
621
60
496
718
325
503
816
487
796
187
530
557
301
673
798
135
852
378
95
741
344
155
14
83
474
373
143
149
934
338
433