319
460
380
883
943
810
445
703
331
402
702
933
911
365
580
123
792
983
925
18
440
334
827
409
173
863
326
505
122
691
567
675
566
662
772
46
103
95
869
623
763
517
731
637
350
161
529
966
291
944
211
606
120
782
397
774
751
591
388
349
290
31
707
667
650
524
702
363
646
669
952
53
321
319
583
705
167
214
465
718
998
980
104
422
523
65
679
81
374
226
80
687
415
112
735
916
920
129
160
712
746
78
559
493
301
746
943
668
403
744
407
407
750
986
246
517
454
330
228
295
246
39
779
17
872
229
338
200
871
87
139
87
935
124
722
731
274
22
120
876
845
988
819
947
406
351
621
396
100
952
254
956
637
903
367
915
900
615
702
449
411
717
605
498
125
505
433
803
574
877
131
981
900
208
501
583
8
195
340
850
754
896
875
703
81
73
300
263
297
101
451
912
858
459
755
659
960
845
396
572
842
768
588
892
237
961
448
375
420
902
59
987
955
241
335
131
528
621
394
844
806
2
869
933
273
153
206
14
826
923
947
129
313
727
429
537
229
931
15
769
935
513
580
330
440
610
289
902
970
467
791
818
781
503
380
170
213
917
68
395
535
306
475
370
141
522
498
783
137
531
576
518
708
555
504
414
553
168
162
413
11
19
8
747
840
855
263
472
375
824
319
950
955
329
719
878
543
808
2
291