744
370
291
121
364
393
330
513
681
45
251
639
218
124
161
460
484
572
851
177
780
933
71
617
962
171
26
963
647
851
662
302
390
353
669
899
657
3
761
617
982
807
163
527
365
176
680
756
655
565
672
627
648
102
258
48
336
177
740
667
335
360
466
674
142
496
370
673
712
453
687
931
449
592
940
284
476
463
704
836
157
452
238
816
277
811
978
234
851
165
192
110
671
579
939
946
617
913
325
895
263
589
549
1000
612
660
724
6
238
537
685
12
454
787
676
973
514
831
980
902
964
75
717
775
713
739
198
876
113
24
881
858
212
288
60
454
357
475
446
44
878
305
387
851
811
319
975
854
409
23
518
553
392
950
468
146
397
128
136
780
661
784
353
386
981
98
433
466
706
570
943
605
347
793
299
94
71
942
934
125
623
322
117
237
508
421
915
544
370
294
304
43
847
476
993
420
473
892
990
622
712
458
435
396
533
685
711
424
138
469
603
506
75
329
237
783
807
253
139
466
665
129
476
36
662
670
780
122
453
544
25
107
129
15
294
198
72
956
839
938
295
901
276
609
621
331
796
166
155
457
971
158
18
249
850
304
548
31
258
698
558
975
179
538
137
663
906
279
603
388
542
171
509
399
18
89
40
146
509
908
489
698
360
668
268
815
702
173
101
723
847
210
832
653
792
365
972
986
326
278