916
25
212
198
810
508
961
722
344
786
704
907
417
862
142
204
771
863
144
664
713
510
10
547
408
361
708
308
25
173
797
116
253
189
118
565
24
78
586
402
576
915
174
749
592
134
590
570
81
477
612
475
922
122
561
384
111
884
450
821
228
946
170
364
470
584
683
739
613
831
13
668
181
316
132
519
568
366
471
671
92
176
942
994
190
569
552
189
983
987
282
872
64
736
894
957
859
763
90
967
4
635
468
359
739
169
786
98
816
240
793
200
966
941
262
878
571
310
727
368
46
606
654
873
395
856
482
167
603
907
491
634
396
396
101
387
19
556
395
989
515
149
123
239
115
708
838
46
185
864
196
477
244
852
14
176
730
638
640
139
356
50
961
14
190
441
654
25
658
440
356
392
842
946
5
739
195
811
224
409
716
511
626
640
605
808
425
742
19
71
820
60
318
135
103
33
619
592
1000
624
380
325
875
9
856
824
246
170
469
915
559
512
343
707
601
576
408
697
321
699
859
461
74
897
908
646
28
359
765
989
882
81
651
548
420
27
729
671
753
87
417
29
535
503
987
479
304
258
398
616
370
860
314
250
555
494
493
44
820
920
892
93
954
834
263
178
146
79
523
770
260
574
632
476
440
253
439
768
513
311
783
408
524
528
125
274
207
311
603
531
937
565
823
333
927
911
573
324
992
522