916
523
591
618
562
662
172
284
536
392
252
332
340
245
968
835
870
766
725
575
252
230
242
711
617
212
234
874
292
195
34
155
413
260
558
812
933
832
83
197
953
377
532
959
2
312
207
107
683
864
251
200
846
358
404
774
79
102
78
568
677
185
178
990
461
719
25
482
858
534
334
521
196
564
900
206
537
660
487
144
202
818
538
809
452
783
23
489
984
713
284
982
565
181
627
752
918
693
757
575
527
207
409
144
71
291
652
595
95
96
873
170
710
747
641
115
480
735
136
772
953
75
937
191
385
137
267
742
725
81
738
985
936
178
550
528
269
333
814
170
976
852
903
993
602
379
918
862
253
647
979
118
697
529
481
455
811
58
818
211
126
305
552
253
290
308
794
110
981
678
784
821
269
308
953
648
298
401
776
972
486
667
533
11
618
836
422
280
935
727
183
391
101
869
44
800
816
433
328
191
825
54
391
257
642
460
556
437
922
963
776
534
799
626
328
666
774
358
232
585
372
714
855
133
894
387
888
499
343
505
769
633
509
615
687
313
494
990
230
45
1
52
439
514
305
230
710
189
668
26
926
322
45
664
829
474
578
990
532
657
358
230
99
173
404
995
325
184
925
90
593
485
867
52
700
112
61
413
283
632
144
549
601
173
186
610
164
940
24
275
907
631
478
783
12
642
717
383
928
101